targets <- c(
  "K562 wt",
  "K562 T315I",
  "ABL1",
  "ABL1 T315I"
  # "K562 pUltra BCR-ABL V468F"
)
